StonePlantMound4,-5133,-5126,10361,10368
StonePlantMound,-5151,-5146,10255,10260
StonePlantBoulder,-5175,-5165,10316,10326
StoneBoulder,-5181,-5172,10331,10340
StoneBoulder,-5203,-5194,10386,10395
StonePlantBoulder,-5223,-5213,10418,10428
StonePlantMound2,-5240,-5228,10385,10398
StoneBoulder,-5336,-5327,10390,10399
ShrineSmallAir,-5311,-5303,10411,10419
StoneMazePath,-5346,-5344,10301,10303
StoneMazePath,-5349,-5347,10322,10324
StoneMazeStudy,-5352,-5338,10301,10309
StoneMazeShootingRange,-5349,-5341,10316,10321
StoneMazePath,-5337,-5335,10304,10306
StoneMazePath,-5352,-5350,10322,10324
StoneMazePath,-5337,-5335,10307,10309
StoneMazePath,-5355,-5353,10322,10324
StoneMazePath,-5346,-5344,10322,10324
StoneMazeSpiderRoom,-5352,-5347,10310,10315
StoneMazePath,-5358,-5356,10322,10324
StoneMazePath,-5337,-5335,10310,10312
StoneMazePath,-5358,-5356,10319,10321
StoneMazePath,-5343,-5341,10322,10324
StoneMazePath,-5355,-5353,10319,10321
StoneMazePath,-5340,-5338,10322,10324
StoneMazePath,-5355,-5353,10316,10318
StoneMazePath,-5340,-5338,10319,10321
StoneMazePath,-5352,-5350,10319,10321
StoneMazeEndChest,-5337,-5335,10301,10303
StoneMazePath,-5340,-5338,10310,10312
StoneMazePath,-5355,-5353,10313,10315
StoneMazePath,-5337,-5335,10319,10321
StoneMazePath,-5352,-5350,10316,10318
StoneMazePath,-5358,-5356,10316,10318
StoneMazePath,-5337,-5335,10316,10318
StoneMazePath,-5355,-5353,10310,10312
StoneMazePath,-5355,-5353,10307,10309
StoneMazeEndChest,-5337,-5335,10322,10324
StoneMazePath,-5355,-5353,10304,10306
StoneMazePath,-5337,-5335,10313,10315
StoneMazePath,-5358,-5356,10313,10315
StoneMazePath,-5343,-5341,10310,10312
StoneMazePath,-5346,-5344,10310,10312
StoneMazePath,-5346,-5344,10313,10315
StoneMazePath,-5343,-5341,10313,10315
StoneMazePath,-5340,-5338,10313,10315
StoneMazePath,-5340,-5338,10316,10318
StoneMazeSmall,-5358,-5335,10301,10324
StonePlantMound,-5343,-5338,10288,10293
StonePlantMound,-5368,-5363,10386,10391
StonePlantMound3,-5375,-5366,10273,10284
StonePlantMound2,-5411,-5399,10373,10386
ElvenPond,-5423,-5393,10427,10456
ForestBeacon,-5430,-5422,10252,10260
