BlazeSpawnerCrystal,-4914,-4908,10273,10279
StoneLeafMound,-5034,-5027,10377,10386
ShrineSmallFire,-4993,-4983,10416,10426
StonePlantMound,-4935,-4930,10413,10418
ShrineSmallFire,-4913,-4903,10471,10481
ShrineSmallFire,-4833,-4823,10486,10496
MesoMazeZombieTable,-4876,-4871,10444,10449
MesoMazeStairTurn,-4882,-4877,10450,10455
MesoMazePath,-4873,-4871,10450,10452
MesoMazePath,-4885,-4883,10453,10455
MesoMazeStairCorridor,-4885,-4883,10447,10452
MesoMazeStairCorridor,-4885,-4883,10456,10461
MesoMazePath,-4885,-4883,10462,10464
MesoMazeStairTurn,-4888,-4883,10441,10446
MesoMazePath,-4888,-4886,10438,10440
MesoMazeCorridorCollapse,-4876,-4874,10453,10458
MesoMazeGrowth,-4879,-4874,10444,10449
MesoMazeCorridorCollapse,-4882,-4877,10444,10446
MesoMazePath,-4876,-4874,10459,10461
MesoMazePath,-4888,-4886,10462,10464
MesoMazePath,-4879,-4877,10459,10461
MesoMazeSpiderTurn,-4888,-4883,10444,10449
MesoMazeCorridorCollapse,-4885,-4883,10450,10455
MesoMazeStairCorridor,-4888,-4886,10450,10455
MesoMazeZombieTable,-4876,-4871,10441,10446
MesoMazePath,-4885,-4883,10447,10449
MesoMazePath,-4873,-4871,10459,10461
MesoMazePath,-4885,-4883,10456,10458
MesoMazePath,-4882,-4880,10459,10461
MesoMazeStairTurn,-4882,-4877,10456,10461
MesoMazePath,-4870,-4868,10450,10452
MesoMazePath,-4891,-4889,10462,10464
MesoMazeSpiderTurn,-4876,-4871,10441,10446
MesoMazePath,-4891,-4889,10465,10467
MesoMazeGrowth,-4879,-4874,10462,10467
MesoMazeStairTurn,-4882,-4877,10447,10452
MesoMazePath,-4888,-4886,10435,10437
MesoMazeGrowth,-4873,-4868,10453,10458
MesoMazePath,-4876,-4874,10468,10470
MesoMazePath,-4876,-4874,10459,10461
MesoMazeSpiderTurn,-4876,-4871,10447,10452
MesoMazePath,-4885,-4883,10456,10458
MesoMazeCorridorCollapse,-4888,-4886,10456,10461
MesoMazePath,-4882,-4880,10462,10464
MesoMazePath,-4891,-4889,10435,10437
MesoMazePath,-4888,-4886,10456,10458
MesoMazeCorridorCollapse,-4885,-4883,10459,10464
MesoMazePath,-4876,-4874,10450,10452
MesoMazePath,-4879,-4877,10447,10449
MesoMazeStairTurn,-4882,-4877,10438,10443
MesoMazeStairCorridor,-4873,-4868,10459,10461
MesoMazeStairCorridor,-4882,-4877,10468,10470
MesoMazeSpiderTurn,-4879,-4874,10462,10467
MesoMazeStairTurn,-4867,-4862,10456,10461
MesoMazeStairTurn,-4888,-4883,10468,10473
MesoMazeStorage,-4879,-4874,10456,10461
MesoMazePath,-4882,-4880,10465,10467
MesoMazePath,-4882,-4880,10459,10461
MesoMazeStorage,-4894,-4889,10456,10461
MesoMazeStairCorridor,-4891,-4889,10438,10443
MesoMazeCorridorCollapse,-4894,-4892,10462,10467
MesoMazePath,-4885,-4883,10465,10467
MesoMazePath,-4885,-4883,10465,10467
MesoMazePath,-4879,-4877,10453,10455
MesoMazePath,-4867,-4865,10462,10464
MesoMazePath,-4888,-4886,10459,10461
MesoMazeStairTurn,-4885,-4880,10462,10467
MesoMazeStairCorridor,-4891,-4889,10444,10449
MesoMazePath,-4882,-4880,10456,10458
MesoMazeSpiderTurn,-4894,-4889,10468,10473
MesoMazeStairCorridor,-4891,-4889,10450,10455
MesoMazePath,-4882,-4880,10447,10449
MesoMazeGrowth,-4876,-4871,10450,10455
MesoMazeStairCorridor,-4891,-4889,10462,10467
MesoMazeStairTurn,-4897,-4892,10456,10461
MesoMazePath,-4882,-4880,10435,10437
MesoMazeStairCorridor,-4873,-4868,10450,10452
MesoMazePath,-4888,-4886,10465,10467
MesoMazeStairTurn,-4894,-4889,10471,10476
MesoMazePath,-4885,-4883,10435,10437
MesoMazePath,-4888,-4886,10453,10455
MesoMazeCorridorCollapse,-4897,-4895,10450,10455
MesoMazeCorridorCollapse,-4879,-4874,10462,10464
MesoMazeSpiderTurn,-4873,-4868,10468,10473
MesoMazeCorridorCollapse,-4897,-4895,10444,10449
MesoMazeStorage,-4900,-4895,10456,10461
MesoMazePath,-4882,-4880,10453,10455
MesoMazeSpiderTurn,-4900,-4895,10438,10443
MesoMazeStairTurn,-4903,-4898,10450,10455
MesoMazePath,-4861,-4859,10456,10458
MesoMazePath,-4897,-4895,10471,10473
MesoMazePath,-4885,-4883,10468,10470
MesoMazePath,-4876,-4874,10471,10473
MesoMazePath,-4894,-4892,10456,10458
MesoMazePath,-4897,-4895,10474,10476
MesoMazeStairTurn,-4867,-4862,10447,10452
MesoMazePath,-4879,-4877,10444,10446
MesoMazeStairCorridor,-4882,-4877,10441,10443
MesoMazePath,-4876,-4874,10444,10446
MesoMazeGrowth,-4876,-4871,10438,10443
MesoMazePath,-4873,-4871,10435,10437
MesoMazeStairCorridor,-4861,-4859,10450,10455
MesoMazePath,-4870,-4868,10465,10467
MesoMazeCorridorCollapse,-4870,-4868,10459,10464
MesoMazeCorridorCollapse,-4888,-4883,10441,10443
MesoMazePath,-4870,-4868,10450,10452
MesoMazePath,-4882,-4880,10444,10446
MesoMazeStorage,-4897,-4892,10444,10449
MesoMazeCorridorCollapse,-4873,-4868,10462,10464
MesoMazeStairCorridor,-4891,-4889,10456,10461
MesoMazeGrowth,-4906,-4901,10444,10449
MesoMazeStairCorridor,-4891,-4889,10465,10470
MesoMazeStairTurn,-4882,-4877,10438,10443
MesoMazeStairCorridor,-4891,-4886,10456,10458
MesoMazePath,-4885,-4883,10453,10455
MesoMazeSpiderTurn,-4870,-4865,10453,10458
MesoMazePath,-4870,-4868,10453,10455
MesoMazePath,-4882,-4880,10453,10455
MesoMazePath,-4876,-4874,10441,10443
MesoMazePath,-4870,-4868,10447,10449
MesoMazeGrowth,-4876,-4871,10438,10443
MesoMazeStairCorridor,-4894,-4892,10450,10455
MesoMazePath,-4864,-4862,10462,10464
MesoMazePath,-4876,-4874,10462,10464
MesoMazeStairCorridor,-4906,-4904,10438,10443
MesoMazePath,-4894,-4892,10474,10476
MesoMazeStairCorridor,-4867,-4862,10465,10467
MesoMazeZombieTable,-4867,-4862,10459,10464
MesoMazeStairTurn,-4864,-4859,10444,10449
MesoMazePath,-4894,-4892,10459,10461
MesoMazeStairCorridor,-4879,-4874,10435,10437
MesoMazeStairCorridor,-4876,-4871,10456,10458
MesoMazeCorridorCollapse,-4876,-4871,10453,10455
MesoMazePath,-4861,-4859,10447,10449
MesoMazePath,-4891,-4889,10441,10443
MesoMazePath,-4891,-4889,10441,10443
MesoMazeStairCorridor,-4870,-4868,10444,10449
MesoMazePath,-4891,-4889,10444,10446
MesoMazeZombieTable,-4882,-4877,10456,10461
MesoMazePath,-4879,-4877,10471,10473
MesoMazePath,-4867,-4865,10453,10455
MesoMazeStairTurn,-4867,-4862,10459,10464
MesoMazePath,-4873,-4871,10465,10467
MesoMazeCorridorCollapse,-4861,-4859,10441,10446
MesoMazePath,-4891,-4889,10462,10464
MesoMazePath,-4897,-4895,10450,10452
MesoMazePath,-4900,-4898,10474,10476
MesoMazePath,-4870,-4868,10456,10458
MesoMazeSpiderTurn,-4870,-4865,10438,10443
MesoMazeGrowth,-4882,-4877,10450,10455
MesoMazeStairCorridor,-4891,-4886,10459,10461
MesoMazePath,-4891,-4889,10474,10476
MesoMazePath,-4879,-4877,10450,10452
MesoMazePath,-4864,-4862,10465,10467
MesoMazeStairCorridor,-4861,-4859,10435,10440
MesoMazeStairTurn,-4897,-4892,10462,10467
MesoMazeSpiderTurn,-4873,-4868,10465,10470
MesoMazePath,-4867,-4865,10447,10449
MesoMazeSpiderTurn,-4864,-4859,10429,10434
MesoMazeSpiderTurn,-4879,-4874,10462,10467
MesoMazeStairTurn,-4867,-4862,10438,10443
MesoMazeCorridorCollapse,-4870,-4865,10429,10431
MesoMazeStairTurn,-4900,-4895,10438,10443
MesoMazeStairCorridor,-4888,-4883,10474,10476
MesoMazeSpiderTurn,-4861,-4856,10465,10470
MesoMazePath,-4864,-4862,10438,10440
MesoMazeStairCorridor,-4870,-4865,10465,10467
MesoMazeStairTurn,-4903,-4898,10465,10470
MesoMazePath,-4882,-4880,10450,10452
MesoMazePath,-4870,-4868,10453,10455
MesoMazeStairTurn,-4858,-4853,10471,10476
MesoMazeStairCorridor,-4873,-4868,10435,10437
MesoMazePath,-4861,-4859,10462,10464
MesoMazePath,-4864,-4862,10435,10437
MesoMazePath,-4894,-4892,10462,10464
MesoMazePath,-4906,-4904,10468,10470
MesoMazeZombieTable,-4873,-4868,10456,10461
MesoMazeStairCorridor,-4885,-4880,10462,10464
MesoMazePath,-4894,-4892,10441,10443
MesoMazeStairCorridor,-4873,-4871,10459,10464
MesoMazeGrowth,-4882,-4877,10444,10449
MesoMazeStairTurn,-4894,-4889,10441,10446
MesoMazeStairTurn,-4885,-4880,10453,10458
MesoMazePath,-4870,-4868,10450,10452
MesoMazePath,-4879,-4877,10450,10452
MesoMazeCorridorCollapse,-4870,-4865,10432,10434
MesoMazePath,-4879,-4877,10462,10464
MesoMazePath,-4879,-4877,10453,10455
MesoMazeStairTurn,-4882,-4877,10465,10470
MesoMazePath,-4855,-4853,10477,10479
MesoMazePath,-4864,-4862,10468,10470
MesoMazeStairCorridor,-4888,-4883,10444,10446
MesoMazePath,-4888,-4886,10462,10464
MesoMazePath,-4891,-4889,10447,10449
MesoMazeZombieTable,-4852,-4847,10477,10482
MesoMazeStairTurn,-4867,-4862,10453,10458
MesoMazePath,-4873,-4871,10465,10467
MesoMazePath,-4855,-4853,10480,10482
MesoMazePath,-4861,-4859,10441,10443
MesoMazePath,-4861,-4859,10459,10461
MesoMazeStairCorridor,-4891,-4889,10435,10440
MesoMazeStorage,-4858,-4853,10447,10452
MesoMazePath,-4861,-4859,10447,10449
MesoMazeStairCorridor,-4873,-4868,10441,10443
MesoMazeCorridorCollapse,-4891,-4889,10444,10449
MesoMazeGrowth,-4873,-4868,10459,10464
MesoMazePath,-4879,-4877,10453,10455
MesoMazeStorage,-4900,-4895,10474,10479
MesoMazePath,-4876,-4874,10459,10461
MesoMazeSpiderTurn,-4858,-4853,10438,10443
MesoMazePath,-4882,-4880,10471,10473
MesoMazePath,-4873,-4871,10456,10458
MesoMazeZombieTable,-4879,-4874,10456,10461
MesoMazeStairCorridor,-4882,-4877,10444,10446
MesoMazeStairTurn,-4870,-4865,10438,10443
MesoMazeCorridorCollapse,-4861,-4856,10477,10479
MesoMazePath,-4885,-4883,10465,10467
MesoMazePath,-4876,-4874,10453,10455
MesoMazePath,-4891,-4889,10441,10443
MesoMazePath,-4885,-4883,10459,10461
MesoMazePath,-4873,-4871,10456,10458
MesoMazePath,-4861,-4859,10438,10440
MesoMazeGrowth,-4867,-4862,10459,10464
MesoMazeStorage,-4894,-4889,10435,10440
MesoMazePath,-4900,-4898,10480,10482
MesoMazeSpiderTurn,-4864,-4859,10435,10440
MesoMazePath,-4861,-4859,10471,10473
MesoMazeStorage,-4867,-4862,10453,10458
MesoMazeGrowth,-4864,-4859,10432,10437
MesoMazeStairCorridor,-4864,-4862,10441,10446
MesoMazeCorridorCollapse,-4894,-4889,10477,10479
MesoMazePath,-4897,-4895,10480,10482
MesoMazePath,-4891,-4889,10438,10440
MesoMazePath,-4858,-4856,10453,10455
MesoMazeCorridorCollapse,-4888,-4883,10477,10479
MesoMazePath,-4888,-4886,10438,10440
MesoMazePath,-4861,-4859,10435,10437
MesoMazePath,-4876,-4874,10456,10458
MesoMazePath,-4861,-4859,10438,10440
MesoMazePath,-4882,-4880,10465,10467
MesoMazePath,-4879,-4877,10459,10461
MesoMazeStairCorridor,-4894,-4889,10480,10482
MesoMazeStorage,-4861,-4856,10465,10470
MesoMazePath,-4876,-4874,10456,10458
MesoMazePath,-4876,-4874,10465,10467
MesoMazeStairCorridor,-4867,-4862,10435,10437
MesoMazeStairCorridor,-4906,-4904,10462,10467
MesoMazeGrowth,-4888,-4883,10438,10443
MesoMazePath,-4885,-4883,10471,10473
MesoMazeGrowth,-4867,-4862,10474,10479
MesoMazePath,-4873,-4871,10462,10464
MesoMazePath,-4885,-4883,10459,10461
MesoMazeStairCorridor,-4858,-4853,10435,10437
MesoMazePath,-4888,-4886,10471,10473
MesoMazePath,-4870,-4868,10456,10458
MesoMazeStorage,-4906,-4901,10432,10437
MesoMazeCorridorCollapse,-4867,-4865,10450,10455
MesoMazeStairCorridor,-4867,-4865,10444,10449
MesoMazeZombieTable,-4900,-4895,10432,10437
MesoMazeStairTurn,-4870,-4865,10444,10449
MesoMazePath,-4867,-4865,10450,10452
MesoMazePath,-4897,-4895,10453,10455
MesoMazePath,-4906,-4904,10459,10461
MesoMazeStorage,-4891,-4886,10450,10455
MesoMazePath,-4876,-4874,10459,10461
MesoMazePath,-4864,-4862,10450,10452
MesoMazePath,-4879,-4877,10465,10467
MesoMazePath,-4882,-4880,10477,10479
MesoMazeStairCorridor,-4876,-4871,10432,10434
MesoMazeCorridorCollapse,-4855,-4853,10453,10458
MesoMazeStairCorridor,-4870,-4865,10435,10437
MesoMazePath,-4864,-4862,10450,10452
MesoMazeStairCorridor,-4873,-4868,10453,10455
MesoMazePath,-4864,-4862,10447,10449
MesoMazeCorridorCollapse,-4861,-4856,10450,10452
MesoMazeGrowth,-4885,-4880,10447,10452
MesoMazeStairTurn,-4894,-4889,10432,10437
MesoMazePath,-4867,-4865,10447,10449
MesoMazePath,-4900,-4898,10444,10446
MesoMazePath,-4894,-4892,10465,10467
MesoMazePath,-4867,-4865,10450,10452
MesoMazePath,-4882,-4880,10480,10482
MesoMazeSpiderTurn,-4894,-4889,10450,10455
MesoMazeSpiderTurn,-4855,-4850,10447,10452
MesoMazePath,-4894,-4892,10453,10455
MesoMazeStorage,-4891,-4886,10429,10434
MesoMazeZombieTable,-4867,-4862,10477,10482
MesoMazeStairCorridor,-4897,-4892,10432,10434
MesoMazePath,-4870,-4868,10459,10461
MesoMazePath,-4855,-4853,10459,10461
MesoMazePath,-4900,-4898,10462,10464
MesoMazeStairTurn,-4876,-4871,10444,10449
MesoMazeStairTurn,-4891,-4886,10450,10455
MesoMazeSpiderTurn,-4867,-4862,10468,10473
MesoMazeStorage,-4891,-4886,10450,10455
MesoMazeSpiderTurn,-4900,-4895,10474,10479
MesoMazeStairTurn,-4864,-4859,10426,10431
MesoMazeSpiderTurn,-4894,-4889,10429,10434
MesoMazeGrowth,-4894,-4889,10471,10476
MesoMazePath,-4888,-4886,10447,10449
MesoMazePath,-4876,-4874,10465,10467
MesoMazePath,-4900,-4898,10447,10449
MesoMazePath,-4891,-4889,10447,10449
MesoMazeStorage,-4861,-4856,10444,10449
MesoMazeSpiderTurn,-4882,-4877,10477,10482
MesoMazeStorage,-4861,-4856,10441,10446
MesoMazeGrowth,-4897,-4892,10426,10431
MesoMazePath,-4894,-4892,10447,10449
MesoMazePath,-4864,-4862,10441,10443
MesoMazeStairCorridor,-4882,-4877,10474,10476
MesoMazePath,-4888,-4886,10435,10437
MesoMazeZombieTable,-4900,-4895,10432,10437
MesoMazeSpiderTurn,-4900,-4895,10426,10431
MesoMazePath,-4870,-4868,10444,10446
MesoMazePath,-4867,-4865,10474,10476
MesoMazePath,-4888,-4886,10462,10464
MesoMazePath,-4894,-4892,10438,10440
MesoMazePath,-4867,-4865,10450,10452
MesoMazePath,-4861,-4859,10450,10452
MesoMazePath,-4900,-4898,10471,10473
MesoMazePath,-4864,-4862,10474,10476
MesoMazePath,-4870,-4868,10450,10452
MesoMazeStorage,-4855,-4850,10438,10443
MesoMazeStairCorridor,-4867,-4862,10438,10440
MesoMazePath,-4870,-4868,10435,10437
MesoMazePath,-4894,-4892,10450,10452
MesoMazeStairCorridor,-4885,-4880,10435,10437
MesoMazePath,-4894,-4892,10438,10440
MesoMazeStairCorridor,-4873,-4868,10465,10467
MesoMazePath,-4867,-4865,10444,10446
MesoMazePath,-4891,-4889,10459,10461
MesoMazeStairCorridor,-4861,-4856,10441,10443
MesoMazePath,-4867,-4865,10444,10446
MesoMazeCorridorCollapse,-4894,-4892,10444,10449
MesoMazePath,-4894,-4892,10468,10470
MesoMazePath,-4864,-4862,10450,10452
MesoMazePath,-4855,-4853,10441,10443
MesoMazePath,-4897,-4895,10462,10464
MesoMazePath,-4885,-4883,10450,10452
MesoMazeStairCorridor,-4861,-4859,10465,10470
MesoMazePath,-4900,-4898,10471,10473
MesoMazeStairCorridor,-4861,-4856,10459,10461
MesoMazeSpiderTurn,-4903,-4898,10420,10425
MesoMazeGrowth,-4879,-4874,10435,10440
MesoMazePath,-4894,-4892,10441,10443
MesoMazeSpiderTurn,-4876,-4871,10432,10437
MesoMazeStairCorridor,-4873,-4868,10474,10476
MesoMazePath,-4858,-4856,10447,10449
MesoMazePath,-4891,-4889,10462,10464
MesoMazePath,-4885,-4883,10453,10455
MesoMazePath,-4876,-4874,10468,10470
MesoMazePath,-4903,-4901,10459,10461
MesoMazePath,-4873,-4871,10450,10452
MesoMazePath,-4867,-4865,10441,10443
MesoMazePath,-4876,-4874,10441,10443
MesoMazePath,-4894,-4892,10453,10455
MesoMazePath,-4858,-4856,10438,10440
MesoMazeCorridorCollapse,-4876,-4871,10429,10431
MesoMazePath,-4900,-4898,10435,10437
MesoMazeStorage,-4879,-4874,10471,10476
MesoMazePath,-4876,-4874,10471,10473
MesoMazeStairCorridor,-4876,-4871,10474,10476
MesoMazeGrowth,-4870,-4865,10471,10476
MesoMazeSpiderTurn,-4897,-4892,10435,10440
MesoMazeStairCorridor,-4885,-4883,10441,10446
MesoMazePath,-4897,-4895,10453,10455
MesoMazePath,-4897,-4895,10459,10461
MesoMazePath,-4870,-4868,10447,10449
MesoMazePath,-4894,-4892,10441,10443
MesoMazeSpiderTurn,-4852,-4847,10441,10446
MesoMazeStorage,-4897,-4892,10420,10425
MesoMazeStairCorridor,-4870,-4865,10432,10434
MesoMazePath,-4888,-4886,10465,10467
MesoMazePath,-4885,-4883,10456,10458
MesoMazeSpiderTurn,-4873,-4868,10438,10443
MesoMazePath,-4885,-4883,10450,10452
MesoMazeStorage,-4900,-4895,10420,10425
MesoMazePath,-4894,-4892,10438,10440
MesoMazeStairTurn,-4879,-4874,10426,10431
MesoMazePath,-4882,-4880,10438,10440
MesoMazePath,-4873,-4871,10435,10437
MesoMazeZombieTable,-4897,-4892,10468,10473
MesoMazePath,-4867,-4865,10441,10443
MesoMazeStairCorridor,-4858,-4856,10456,10461
MesoMazeStairCorridor,-4870,-4865,10468,10470
MesoMazePath,-4876,-4874,10477,10479
MesoMazeStairTurn,-4876,-4871,10468,10473
MesoMazePath,-4855,-4853,10450,10452
MesoMazeGrowth,-4855,-4850,10447,10452
MesoMazePath,-4897,-4895,10471,10473
MesoMazePath,-4858,-4856,10444,10446
MesoMazePath,-4864,-4862,10471,10473
MesoMazePath,-4870,-4868,10435,10437
MesoMazeGrowth,-4873,-4868,10468,10473
MesoMazePath,-4870,-4868,10462,10464
MesoMazePath,-4885,-4883,10447,10449
MesoMazePath,-4870,-4868,10474,10476
MesoMazePath,-4888,-4886,10465,10467
MesoMazeStairTurn,-4873,-4868,10426,10431
MesoMazePath,-4888,-4886,10462,10464
MesoMazeGrowth,-4855,-4850,10444,10449
MesoMazePath,-4888,-4886,10462,10464
MesoMazePath,-4888,-4886,10465,10467
MesoMazePath,-4855,-4853,10444,10446
MesoMazeStorage,-4867,-4862,10453,10458
MesoMazePath,-4897,-4895,10435,10437
MesoMazePath,-4873,-4871,10450,10452
MesoMazeStorage,-4903,-4898,10456,10461
MesoMazePath,-4897,-4895,10441,10443
MesoMazePath,-4870,-4868,10444,10446
MesoMazePath,-4870,-4868,10456,10458
MesoMazeGrowth,-4885,-4880,10471,10476
MesoMazePath,-4897,-4895,10456,10458
MesoMazeCorridorCollapse,-4867,-4862,10426,10428
MesoMazePath,-4864,-4862,10447,10449
MesoMazePath,-4900,-4898,10432,10434
MesoMazePath,-4903,-4901,10456,10458
MesoMazeStairCorridor,-4867,-4862,10465,10467
MesoMazeGrowth,-4879,-4874,10426,10431
MesoMazeCorridorCollapse,-4876,-4871,10450,10452
MesoMazePath,-4891,-4889,10465,10467
MesoMazePath,-4846,-4844,10444,10446
MesoMazePath,-4888,-4886,10480,10482
MesoMazePath,-4882,-4880,10450,10452
MesoMazePath,-4858,-4856,10471,10473
MesoMazePath,-4870,-4868,10450,10452
MesoMazePath,-4870,-4868,10438,10440
MesoMazePath,-4897,-4895,10468,10470
MesoMazePath,-4885,-4883,10450,10452
MesoMazePath,-4861,-4859,10465,10467
MesoMazePath,-4852,-4850,10435,10437
MesoMazePath,-4900,-4898,10435,10437
MesoMazeZombieTable,-4906,-4901,10426,10431
MesoMazePath,-4876,-4874,10474,10476
MesoMazePath,-4879,-4877,10429,10431
MesoMazePath,-4903,-4901,10438,10440
MesoMazePath,-4879,-4877,10450,10452
MesoMazePath,-4891,-4889,10462,10464
MesoMazePath,-4894,-4892,10426,10428
MesoMazePath,-4855,-4853,10438,10440
MesoMazePath,-4903,-4901,10462,10464
MesoMazePath,-4855,-4853,10447,10449
MesoMazePath,-4900,-4898,10441,10443
MesoMazePath,-4888,-4886,10471,10473
MesoMazePath,-4885,-4883,10468,10470
MesoMazeStairCorridor,-4897,-4895,10444,10449
MesoMazeZombieTable,-4861,-4856,10438,10443
MesoMazeStairTurn,-4855,-4850,10459,10464
MesoMazeStairCorridor,-4888,-4883,10435,10437
MesoMazePath,-4894,-4892,10456,10458
MesoMazePath,-4864,-4862,10444,10446
MesoMazeZombieTable,-4861,-4856,10423,10428
MesoMazePath,-4864,-4862,10459,10461
MesoMazeSpiderTurn,-4903,-4898,10426,10431
MesoMazePath,-4870,-4868,10438,10440
MesoMazePath,-4882,-4880,10453,10455
MesoMazePath,-4864,-4862,10450,10452
MesoMazeStairCorridor,-4891,-4886,10426,10428
MesoMazeCorridorCollapse,-4846,-4844,10447,10452
MesoMazeCorridorCollapse,-4855,-4853,10462,10467
MesoMazePath,-4897,-4895,10450,10452
MesoMazePath,-4906,-4904,10456,10458
MesoMazePath,-4855,-4853,10441,10443
MesoMazePath,-4876,-4874,10459,10461
MesoMazePath,-4855,-4853,10444,10446
MesoMazePath,-4864,-4862,10432,10434
MesoMazePath,-4894,-4892,10459,10461
MesoMazePath,-4894,-4892,10423,10425
MesoMazePath,-4885,-4883,10480,10482
MesoMazeStairTurn,-4855,-4850,10465,10470
MesoMazePath,-4867,-4865,10468,10470
MesoMazeStairCorridor,-4888,-4886,10444,10449
MesoMazePath,-4867,-4865,10450,10452
MesoMazeGrowth,-4861,-4856,10453,10458
MesoMazePath,-4879,-4877,10456,10458
MesoMazePath,-4879,-4877,10432,10434
MesoMazePath,-4897,-4895,10432,10434
MesoMazePath,-4888,-4886,10447,10449
MesoMazeCorridorCollapse,-4867,-4862,10423,10425
MesoMazePath,-4882,-4880,10450,10452
MesoMazePath,-4855,-4853,10438,10440
MesoMazePath,-4873,-4871,10432,10434
MesoMazeSpiderTurn,-4873,-4868,10420,10425
MesoMazePath,-4861,-4859,10480,10482
MesoMazePath,-4906,-4904,10423,10425
MesoMazePath,-4855,-4853,10444,10446
MesoMazePath,-4885,-4883,10459,10461
MesoMazeStairCorridor,-4888,-4886,10438,10443
MesoMazePath,-4867,-4865,10465,10467
MesoMazePath,-4888,-4886,10468,10470
MesoMazePath,-4870,-4868,10426,10428
MesoMazePath,-4876,-4874,10432,10434
MesoMazePath,-4879,-4877,10423,10425
MesoMazePath,-4870,-4868,10450,10452
MesoMazePath,-4849,-4847,10447,10449
MesoMazePath,-4873,-4871,10438,10440
MesoMazePath,-4897,-4895,10453,10455
MesoMazePath,-4879,-4877,10432,10434
MesoMazePath,-4888,-4886,10435,10437
MesoMazePath,-4879,-4877,10420,10422
MesoMazePath,-4846,-4844,10453,10455
MesoMazePath,-4870,-4868,10450,10452
MesoMazePath,-4861,-4859,10444,10446
MesoMazePath,-4867,-4865,10459,10461
MesoMazePath,-4846,-4844,10453,10455
MesoMazePath,-4867,-4865,10456,10458
MesoMazePath,-4855,-4853,10459,10461
MesoMazePath,-4852,-4850,10444,10446
MesoMazePath,-4906,-4904,10429,10431
MesoMazePath,-4858,-4856,10480,10482
MesoMazeStairTurn,-4858,-4853,10432,10437
MesoMazePath,-4897,-4895,10441,10443
MesoMazePath,-4894,-4892,10450,10452
MesoMazePath,-4894,-4892,10420,10422
MesoMazePath,-4861,-4859,10471,10473
MesoMazePath,-4891,-4889,10465,10467
MesoMazeSpiderTurn,-4873,-4868,10429,10434
MesoMazeStairCorridor,-4852,-4850,10450,10455
MesoMazePath,-4852,-4850,10456,10458
MesoMazePath,-4852,-4850,10438,10440
MesoMazeStairTurn,-4885,-4880,10426,10431
MesoMazePath,-4855,-4853,10480,10482
MesoMazePath,-4876,-4874,10423,10425
MesoMazeGrowth,-4852,-4847,10453,10458
MesoMazePath,-4900,-4898,10432,10434
MesoMazeStairCorridor,-4852,-4850,10429,10434
MesoMazePath,-4906,-4904,10426,10428
MesoMazePath,-4879,-4877,10429,10431
MesoMazePath,-4882,-4880,10474,10476
MesoMazePath,-4861,-4859,10471,10473
MesoMazePath,-4873,-4871,10471,10473
MesoMazePath,-4879,-4877,10432,10434
MesoMazePath,-4867,-4865,10435,10437
MesoMazePath,-4876,-4874,10480,10482
MesoMazeStairCorridor,-4852,-4850,10438,10443
MesoMazePath,-4897,-4895,10465,10467
MesoMazePath,-4864,-4862,10435,10437
MesoMazePath,-4861,-4859,10435,10437
MesoMazePath,-4849,-4847,10450,10452
MesoMazePath,-4849,-4847,10447,10449
MesoMazePath,-4900,-4898,10438,10440
MesoMazeSpiderTurn,-4885,-4880,10426,10431
MesoMazePath,-4861,-4859,10426,10428
MesoMazeStairCorridor,-4852,-4847,10435,10437
MesoMazePath,-4882,-4880,10456,10458
MesoMazeCorridorCollapse,-4858,-4853,10426,10428
MesoMazePath,-4891,-4889,10459,10461
MesoMazePath,-4861,-4859,10462,10464
MesoMazePath,-4882,-4880,10432,10434
MesoMazeStairCorridor,-4897,-4892,10429,10431
MesoMazeGrowth,-4861,-4856,10450,10455
MesoMazeCorridorCollapse,-4852,-4847,10426,10428
MesoMazePath,-4882,-4880,10447,10449
MesoMazePath,-4849,-4847,10465,10467
MesoMazePath,-4891,-4889,10468,10470
MesoMazePath,-4861,-4859,10423,10425
MesoMazePath,-4906,-4904,10420,10422
MesoMazePath,-4882,-4880,10435,10437
MesoMazePath,-4858,-4856,10474,10476
MesoMazePath,-4894,-4892,10468,10470
MesoMazePath,-4873,-4871,10426,10428
MesoMazePath,-4867,-4865,10456,10458
MesoMazePath,-4861,-4859,10420,10422
MesoMazePath,-4882,-4880,10432,10434
MesoMazePath,-4861,-4859,10429,10431
MesoMazePath,-4852,-4850,10426,10428
MesoMazePath,-4885,-4883,10456,10458
MesoMazePath,-4888,-4886,10474,10476
MesoMazePath,-4861,-4859,10474,10476
MesoMazePath,-4876,-4874,10432,10434
MesoMazePath,-4897,-4895,10468,10470
MesoMazePath,-4855,-4853,10456,10458
MesoMazePath,-4906,-4904,10453,10455
MesoMazePath,-4879,-4877,10447,10449
MesoMazePath,-4849,-4847,10453,10455
MesoMazePath,-4879,-4877,10444,10446
MesoMazePath,-4867,-4865,10450,10452
MesoMazePath,-4855,-4853,10477,10479
MesoMazeStairCorridor,-4891,-4886,10429,10431
MesoMazeStairCorridor,-4846,-4844,10456,10461
MesoMazePath,-4849,-4847,10450,10452
MesoMazePath,-4900,-4898,10429,10431
MesoMazePath,-4897,-4895,10462,10464
MesoMazePath,-4855,-4853,10474,10476
MesoMazePath,-4852,-4850,10426,10428
MesoMazePath,-4846,-4844,10462,10464
MesoMazePath,-4891,-4889,10438,10440
MesoMazePath,-4885,-4883,10453,10455
MesoMazePath,-4858,-4856,10468,10470
MesoMazePath,-4855,-4853,10426,10428
MesoMazePath,-4897,-4895,10450,10452
MesoMazePath,-4894,-4892,10429,10431
MesoMazePath,-4894,-4892,10435,10437
MesoMazeStairCorridor,-4900,-4898,10444,10449
MesoMazePath,-4867,-4865,10444,10446
MesoMazePath,-4849,-4847,10444,10446
MesoMazePath,-4855,-4853,10441,10443
MesoMazeSpiderTurn,-4879,-4874,10477,10482
MesoMazePath,-4852,-4850,10444,10446
MesoMazePath,-4882,-4880,10429,10431
MesoMazePath,-4855,-4853,10426,10428
MesoMazePath,-4858,-4856,10465,10467
MesoMazeStorage,-4900,-4895,10426,10431
MesoMazePath,-4855,-4853,10468,10470
MesoMazePath,-4870,-4868,10444,10446
MesoMazePath,-4846,-4844,10444,10446
MesoMazePath,-4870,-4868,10447,10449
MesoMazeGrowth,-4852,-4847,10474,10479
MesoMazePath,-4864,-4862,10420,10422
MesoMazePath,-4900,-4898,10468,10470
MesoMazePath,-4846,-4844,10441,10443
MesoMazePath,-4885,-4883,10432,10434
MesoMazePath,-4873,-4871,10477,10479
MesoMazePath,-4897,-4895,10435,10437
MesoMazePath,-4846,-4844,10465,10467
MesoMazePath,-4894,-4892,10426,10428
MesoMazeStairCorridor,-4849,-4847,10459,10464
MesoMazePath,-4846,-4844,10438,10440
MesoMazeGrowth,-4873,-4868,10420,10425
MesoMazePath,-4858,-4856,10462,10464
MesoMazePath,-4846,-4844,10474,10476
MesoMazePath,-4855,-4853,10471,10473
MesoMazeGrowth,-4855,-4850,10453,10458
MesoMazePath,-4858,-4856,10426,10428
MesoMazePath,-4867,-4865,10459,10461
MesoMazeZombieTable,-4867,-4862,10471,10476
MesoMazePath,-4900,-4898,10426,10428
MesoMazePath,-4906,-4904,10450,10452
MesoMazePath,-4885,-4883,10432,10434
MesoMazePath,-4873,-4871,10480,10482
MesoMazePath,-4864,-4862,10429,10431
MesoMazePath,-4858,-4856,10456,10458
MesoMazePath,-4864,-4862,10468,10470
MesoMazePath,-4849,-4847,10438,10440
MesoMazePath,-4861,-4859,10456,10458
MesoMazeSpiderTurn,-4876,-4871,10444,10449
MesoMazePath,-4855,-4853,10438,10440
MesoMazePath,-4879,-4877,10450,10452
MesoMazePath,-4879,-4877,10471,10473
MesoMazePath,-4876,-4874,10450,10452
MesoMazePath,-4861,-4859,10453,10455
MesoMazeSpiderTurn,-4876,-4871,10438,10443
MesoMazePath,-4882,-4880,10432,10434
MesoMazePath,-4876,-4874,10435,10437
MesoMazePath,-4849,-4847,10438,10440
MesoMazePath,-4870,-4868,10441,10443
MesoMazePath,-4846,-4844,10435,10437
MesoMazePath,-4855,-4853,10435,10437
MesoMazePath,-4879,-4877,10441,10443
MesoMazePath,-4855,-4853,10453,10455
MesoMazePath,-4867,-4865,10420,10422
MesoMazeStairCorridor,-4888,-4883,10459,10461
MesoMazePath,-4846,-4844,10438,10440
MesoMazePath,-4867,-4865,10447,10449
MesoMazeSpiderTurn,-4888,-4883,10429,10434
MesoMazePath,-4882,-4880,10429,10431
MesoMazePath,-4903,-4901,10423,10425
MesoMazeZombieTable,-4900,-4895,10471,10476
MesoMazePath,-4864,-4862,10447,10449
MesoMazePath,-4888,-4886,10432,10434
MesoMazePath,-4846,-4844,10426,10428
MesoMazePath,-4846,-4844,10441,10443
MesoMazePath,-4858,-4856,10435,10437
MesoMazePath,-4873,-4871,10480,10482
MesoMazePath,-4849,-4847,10441,10443
MesoMazePath,-4900,-4898,10450,10452
MesoMazePath,-4846,-4844,10465,10467
MesoMazePath,-4846,-4844,10426,10428
MesoMazePath,-4885,-4883,10438,10440
MesoMazePath,-4906,-4904,10423,10425
MesoMazePath,-4900,-4898,10468,10470
MesoMazeGrowth,-4858,-4853,10471,10476
MesoMazePath,-4852,-4850,10480,10482
MesoMazePath,-4882,-4880,10441,10443
MesoMazePath,-4861,-4859,10474,10476
MesoMazePath,-4879,-4877,10474,10476
MesoMazePath,-4864,-4862,10465,10467
MesoMazePath,-4855,-4853,10456,10458
MesoMazePath,-4879,-4877,10447,10449
MesoMazePath,-4885,-4883,10429,10431
MesoMazePath,-4879,-4877,10438,10440
MesoMazePath,-4897,-4895,10459,10461
MesoMazePath,-4879,-4877,10435,10437
MesoMazePath,-4858,-4856,10438,10440
MesoMazePath,-4846,-4844,10477,10479
MesoMazePath,-4906,-4904,10447,10449
MesoMazePath,-4849,-4847,10456,10458
MesoMazePath,-4876,-4874,10420,10422
MesoMazeCorridorCollapse,-4900,-4898,10462,10467
MesoMazePath,-4879,-4877,10453,10455
MesoMazePath,-4858,-4856,10468,10470
MesoMazeStairCorridor,-4858,-4853,10420,10422
MesoMazePath,-4858,-4856,10453,10455
MesoMazePath,-4861,-4859,10468,10470
MesoMazePath,-4897,-4895,10456,10458
MesoMazePath,-4891,-4889,10426,10428
MesoMazePath,-4873,-4871,10477,10479
MesoMazeGrowth,-4891,-4886,10426,10431
MesoMazePath,-4846,-4844,10423,10425
MesoMazePath,-4858,-4856,10462,10464
MesoMazePath,-4858,-4856,10429,10431
MesoMazePath,-4858,-4856,10471,10473
MesoMazePath,-4882,-4880,10444,10446
MesoMazePath,-4858,-4856,10429,10431
MesoMazeStairCorridor,-4900,-4898,10453,10458
MesoMazePath,-4870,-4868,10477,10479
MesoMazePath,-4846,-4844,10423,10425
MesoMazePath,-4885,-4883,10432,10434
MesoMazePath,-4882,-4880,10438,10440
MesoMazePath,-4861,-4859,10462,10464
MesoMazePath,-4864,-4862,10462,10464
MesoMazePath,-4861,-4859,10432,10434
MesoMazePath,-4888,-4886,10432,10434
MesoMazePath,-4885,-4883,10435,10437
MesoMazePath,-4876,-4874,10420,10422
MesoMazePath,-4852,-4850,10420,10422
MesoMazePath,-4879,-4877,10471,10473
MesoMazePath,-4906,-4904,10420,10422
MesoMazePath,-4903,-4901,10420,10422
MesoMazePath,-4894,-4892,10426,10428
MesoMazeGrowth,-4849,-4844,10468,10473
MesoMazePath,-4900,-4898,10459,10461
MesoMazeStairCorridor,-4846,-4844,10429,10434
MesoMazePath,-4882,-4880,10471,10473
MesoMazePath,-4882,-4880,10426,10428
MesoMazePath,-4855,-4853,10468,10470
MesoMazePath,-4852,-4850,10474,10476
MesoMazePath,-4846,-4844,10420,10422
MesoMazePath,-4864,-4862,10432,10434
MesoMazePath,-4855,-4853,10429,10431
MesoMazePath,-4882,-4880,10432,10434
MesoMazePath,-4888,-4886,10426,10428
MesoMazePath,-4882,-4880,10435,10437
MesoMazePath,-4849,-4847,10480,10482
MesoMazePath,-4846,-4844,10474,10476
MesoMazePath,-4885,-4883,10426,10428
MesoMazePath,-4852,-4850,10429,10431
MesoMazePath,-4885,-4883,10456,10458
MesoMazePath,-4882,-4880,10423,10425
MesoMazePath,-4858,-4856,10465,10467
MesoMazePath,-4867,-4865,10429,10431
MesoMazePath,-4861,-4859,10471,10473
MesoMazePath,-4849,-4847,10420,10422
MesoMazePath,-4885,-4883,10438,10440
MesoMazePath,-4855,-4853,10450,10452
MesoMazePath,-4858,-4856,10423,10425
MesoMazePath,-4885,-4883,10432,10434
MesoMazePath,-4897,-4895,10438,10440
MesoMazePath,-4885,-4883,10423,10425
MesoMazePath,-4864,-4862,10435,10437
MesoMazePath,-4846,-4844,10468,10470
MesoMazePath,-4882,-4880,10456,10458
MesoMazePath,-4879,-4877,10456,10458
MesoMazePath,-4900,-4898,10459,10461
MesoMazePath,-4867,-4865,10462,10464
MesoMazePath,-4882,-4880,10435,10437
MesoMazePath,-4846,-4844,10420,10422
MesoMazePath,-4861,-4859,10435,10437
MesoMazePath,-4849,-4847,10429,10431
MesoMazePath,-4861,-4859,10465,10467
MesoMazePath,-4864,-4862,10471,10473
MesoMazePath,-4846,-4844,10480,10482
MesoMazePath,-4882,-4880,10432,10434
MesoMazePath,-4861,-4859,10432,10434
MesoMazePath,-4849,-4847,10432,10434
MesoMazePath,-4846,-4844,10471,10473
MesoMazePath,-4852,-4850,10432,10434
MesoMazePath,-4882,-4880,10459,10461
MesoMazePath,-4870,-4868,10480,10482
MesoMazePath,-4861,-4859,10462,10464
MesoMazePath,-4885,-4883,10420,10422
MesoMazePath,-4855,-4853,10459,10461
MesoMazePath,-4897,-4895,10426,10428
MesoMazePath,-4849,-4847,10420,10422
MesoMazePath,-4846,-4844,10477,10479
MesoMazePath,-4852,-4850,10459,10461
MesoMazePath,-4849,-4847,10471,10473
MesoMazePath,-4852,-4850,10456,10458
MesoMazePath,-4858,-4856,10462,10464
MesoMazePath,-4879,-4877,10432,10434
MesoMazePath,-4867,-4865,10420,10422
MesoMazePath,-4867,-4865,10471,10473
MesoMazePath,-4888,-4886,10420,10422
MesoMazePath,-4879,-4877,10435,10437
MesoMazeGrowth,-4882,-4877,10420,10425
MesoMazePath,-4861,-4859,10459,10461
MesoMazePath,-4906,-4904,10444,10446
MesoMazePath,-4891,-4889,10420,10422
MesoMazePath,-4870,-4868,10480,10482
MesoMazePath,-4864,-4862,10468,10470
MesoMazePath,-4855,-4853,10429,10431
MesoMazePath,-4882,-4880,10420,10422
MesoMazePath,-4864,-4862,10420,10422
MesoMazePath,-4879,-4877,10459,10461
MesoMazePath,-4891,-4889,10423,10425
MesoMazePath,-4846,-4844,10435,10437
MesoMazePath,-4849,-4847,10468,10470
MesoMazePath,-4861,-4859,10456,10458
MesoMazePath,-4858,-4856,10432,10434
MesoMazePath,-4879,-4877,10432,10434
MesoMazePath,-4888,-4886,10423,10425
MesoMazePath,-4876,-4874,10459,10461
MesoMazePath,-4867,-4865,10480,10482
MesoMazePath,-4852,-4850,10429,10431
MesoMazePath,-4876,-4874,10453,10455
MesoMazePath,-4852,-4850,10432,10434
MesoMazePath,-4876,-4874,10456,10458
MesoMazePath,-4876,-4874,10453,10455
MesoMazePath,-4864,-4862,10480,10482
MesoMazePath,-4858,-4856,10429,10431
MesoMazePath,-4861,-4859,10459,10461
MesoMazePath,-4873,-4871,10453,10455
MesoMazePath,-4855,-4853,10471,10473
MesoMazePath,-4861,-4859,10420,10422
MesoMazePath,-4849,-4847,10465,10467
MesoMazeStairCorridor,-4855,-4850,10423,10425
MesoMazePath,-4903,-4901,10444,10446
MesoMazePath,-4879,-4877,10453,10455
MesoMazePath,-4849,-4847,10423,10425
MesoMazePath,-4858,-4856,10432,10434
MesoMazePath,-4855,-4853,10432,10434
MesoMazePath,-4885,-4883,10423,10425
MesoMazePath,-4870,-4868,10453,10455
MesoMazePath,-4867,-4865,10468,10470
MesoMazePath,-4861,-4859,10480,10482
MesoMazePath,-4888,-4886,10423,10425
MesoMazePath,-4861,-4859,10456,10458
MesoMazePath,-4891,-4889,10423,10425
MesoMazePath,-4858,-4856,10456,10458
MesoMazePath,-4900,-4898,10444,10446
MesoMazePath,-4855,-4853,10429,10431
MesoMazePath,-4852,-4850,10471,10473
MesoMazePath,-4846,-4844,10480,10482
MesoMazePath,-4858,-4856,10459,10461
MesoMazeStairCorridor,-4852,-4850,10465,10470
MesoMazePath,-4852,-4850,10462,10464
MesoMazePath,-4858,-4856,10429,10431
MesoMazePath,-4855,-4853,10432,10434
MesoMazePath,-4855,-4853,10429,10431
TemplePyramid1,-4924,-4826,10401,10501
PeacefulCrypt,-4696,-4672,10294,10310
StoneBoulder,-5093,-5084,10250,10259
StonePlantMound3,-5108,-5097,10334,10343
StonePlantBoulder,-5069,-5059,10456,10466
